1 0.0296875 0.37421875 0.059375 0.19296875
1 0.1546875 0.3984375 0.071875 0.14921875
1 0.21875 0.39609375 0.0390625 0.16484375
1 0.27578125 0.390625 0.04609375 0.23046875
1 0.4890625 0.3953125 0.0859375 0.3015625
1 0.46484375 0.40078125 0.03515625 0.2421875
1 0.53828125 0.4015625 0.03125 0.2390625
1 0.63046875 0.43671875 0.04921875 0.07421875
1 0.63828125 0.41171875 0.03828125 0.1484375
1 0.77890625 0.41640625 0.19296875 0.1515625
1 0.90546875 0.4234375 0.02421875 0.04375
1 0.92734375 0.42734375 0.02734375 0.05
1 0.9734375 0.38359375 0.04921875 0.0546875
1 0.98828125 0.3265625 0.02265625 0.04296875