0 0.1921875 0.3828125 0.04140625 0.0296875
0 0.2625 0.38984375 0.04765625 0.028125
0 0.2765625 0.41328125 0.04375 0.04375
0 0.37421875 0.415625 0.0453125 0.0421875
0 0.40703125 0.50546875 0.05546875 0.05859375
0 0.43671875 0.44921875 0.05 0.05078125
0 0.49609375 0.49375 0.05390625 0.078125
0 0.56640625 0.584375 0.06015625 0.0734375
0 0.5921875 0.6625 0.071875 0.0765625
0 0.6015625 0.75625 0.0921875 0.09921875
0 0.62109375 0.90078125 0.125 0.16015625
0 0.59375 0.52734375 0.0671875 0.0640625
0 0.7421875 0.67421875 0.08359375 0.08984375