0 0.1609375 0.45625 0.02890625 0.02734375
0 0.18046875 0.4234375 0.02265625 0.02109375
0 0.2703125 0.53984375 0.07734375 0.0796875
0 0.3359375 0.60078125 0.12109375 0.1421875
0 0.3671875 0.4578125 0.1171875 0.11953125
0 0.59921875 0.91953125 0.3828125 0.1609375
0 0.4796875 0.45546875 0.05546875 0.0421875
0 0.525 0.43828125 0.0515625 0.03671875
0 0.815625 0.75546875 0.36875 0.2765625
0 0.6828125 0.46796875 0.0765625 0.053125
0 0.859375 0.51640625 0.1828125 0.12109375
0 0.93828125 0.50703125 0.1234375 0.08515625