1 0.17890625 0.87109375 0.31015625 0.2046875
1 0.11328125 0.665625 0.16484375 0.0875
1 0.25234375 0.65625 0.06953125 0.109375
1 0.496875 0.8703125 0.29296875 0.21640625
1 0.4828125 0.425 0.2625 0.14296875
1 0.49921875 0.6171875 0.28359375 0.21875
1 0.4578125 0.16875 0.11328125 0.0671875
1 0.5109375 0.12734375 0.090625 0.1109375
1 0.56171875 0.2078125 0.1296875 0.0921875
1 0.78203125 0.1421875 0.2265625 0.22265625
1 0.81015625 0.8765625 0.278125 0.2046875
1 0.740625 0.6453125 0.125 0.17265625
1 0.7546875 0.42734375 0.06796875 0.12734375
1 0.8796875 0.63125 0.1671875 0.20625
1 0.87890625 0.41953125 0.12265625 0.1546875
1 0.8953125 0.89609375 0.1359375 0.175