1 0.0171875 0.1703125 0.034375 0.165625
1 0.04765625 0.803125 0.09453125 0.39375
1 0.0265625 0.12578125 0.04921875 0.16953125
1 0.0890625 0.2234375 0.11484375 0.353125
1 0.17109375 0.8140625 0.12109375 0.37109375
1 0.1734375 0.23125 0.11328125 0.3328125
1 0.2703125 0.234375 0.109375 0.32578125
1 0.30390625 0.803125 0.1015625 0.39375
1 0.38828125 0.24140625 0.109375 0.3046875
1 0.4265625 0.80625 0.10859375 0.38671875
1 0.49921875 0.2421875 0.1 0.3140625
1 0.51171875 0.54296875 0.07890625 0.190625
1 0.55703125 0.796875 0.1109375 0.40625
1 0.5859375 0.25 0.0953125 0.34609375
1 0.67734375 0.8953125 0.05 0.20859375
1 0.69375 0.825 0.05 0.203125
1 0.7109375 0.259375 0.0828125 0.34921875
1 0.7359375 0.74921875 0.04453125 0.21171875
1 0.74453125 0.7046875 0.04453125 0.20625
1 0.7515625 0.6640625 0.05234375 0.203125
1 0.809375 0.01171875 0.01640625 0.02265625
1 0.84375 0.2921875 0.078125 0.3421875
1 0.88515625 0.75546875 0.07421875 0.45390625
1 0.91328125 0.021875 0.0203125 0.04375
1 0.940625 0.41328125 0.053125 0.19765625
1 0.9453125 0.3234375 0.0609375 0.08671875
1 0.9515625 0.2703125 0.04609375 0.09453125
1 0.9625 0.21171875 0.0515625 0.0875
1 0.9828125 0.8140625 0.034375 0.228125
1 0.98984375 0.67421875 0.0203125 0.1078125
1 0.99140625 0.5875 0.0171875 0.059375