1 0.0078125 0.615625 0.015625 0.109375
1 0.01328125 0.6859375 0.0265625 0.07265625
1 0.059375 0.64375 0.03359375 0.14609375
1 0.09453125 0.6828125 0.06015625 0.11328125
1 0.09609375 0.61171875 0.040625 0.0828125
1 0.14921875 0.6734375 0.04140625 0.09375
1 0.17890625 0.63984375 0.02578125 0.1109375
1 0.21328125 0.66875 0.0625 0.0765625
1 0.2046875 0.63046875 0.025 0.07265625
1 0.24296875 0.6359375 0.02890625 0.10390625
1 0.2703125 0.66328125 0.046875 0.0703125
1 0.296875 0.6640625 0.04375 0.05390625
1 0.290625 0.6203125 0.01953125 0.03671875
1 0.3140625 0.6578125 0.040625 0.0625
1 0.34375 0.615625 0.02109375 0.04140625
1 0.41796875 0.61015625 0.02109375 0.046875
1 0.440625 0.6125 0.02578125 0.0421875
1 0.4671875 0.61328125 0.02109375 0.04609375
1 0.5703125 0.69765625 0.13359375 0.1796875
1 0.6359375 0.6796875 0.11171875 0.1484375
1 0.6203125 0.6046875 0.0234375 0.053125
1 0.6796875 0.66171875 0.1078125 0.2421875
1 0.6484375 0.60546875 0.01484375 0.04140625
1 0.96484375 0.653125 0.04140625 0.0859375