1 0.0046875 0.315625 0.00859375 0.0421875
1 0.021875 0.303125 0.01875 0.05390625
1 0.03828125 0.3140625 0.02578125 0.04296875
1 0.07421875 0.3203125 0.0203125 0.0390625
1 0.096875 0.3171875 0.025 0.0390625
1 0.14765625 0.3703125 0.0328125 0.1625
1 0.21640625 0.615625 0.15390625 0.6015625
1 0.296875 0.31953125 0.02578125 0.04453125
1 0.30546875 0.1703125 0.0203125 0.0546875
1 0.33515625 0.1671875 0.0234375 0.04296875
1 0.36875 0.3265625 0.021875 0.0390625
1 0.53671875 0.515625 0.09765625 0.484375
1 0.71953125 0.33203125 0.0140625 0.0453125
1 0.7390625 0.3484375 0.028125 0.01328125
1 0.771875 0.33515625 0.03125 0.0453125